# log_age,instantaneous_sfr,integrated_stellar_mass,integrated_formed_mass,sdss_g,sdss_r
5.500000000000000000e+00,1.077674830292275110e-14,1.700617825398776945e-09,1.703979218128409341e-09,2.246443881782123242e+01,2.296362394119323369e+01
5.549999999999999822e+00,1.209164382111833605e-14,2.140941581852166847e-09,2.145174836460700126e-09,2.221441282704850551e+01,2.271359811166699672e+01
5.599999999999999645e+00,1.356696360057369280e-14,2.695258520461090409e-09,2.700603936545173192e-09,2.196424734928595512e+01,2.246343282440318490e+01
5.650000000000000355e+00,1.522227789349324856e-14,3.393045642656763092e-09,3.399843263245380849e-09,2.171391222136036703e+01,2.221309488592657999e+01
5.700000000000000178e+00,1.707954372716195611e-14,4.271398220141736453e-09,4.280126723752782423e-09,2.146335571863978231e+01,2.196253028968006049e+01
5.750000000000000000e+00,1.916339583504979814e-14,5.377013063361356582e-09,5.388328972160403343e-09,2.121246027468905737e+01,2.171162106654519874e+01
5.799999999999999822e+00,2.150147300934529411e-14,6.768638965034671841e-09,6.783460049189011115e-09,2.096117525436250872e+01,2.146031448695057975e+01
5.849999999999999645e+00,2.412478417691661326e-14,8.520232807899248234e-09,8.539807595088741426e-09,2.070935686520980568e+01,2.120846711308059440e+01
5.900000000000000355e+00,2.706811902042758738e-14,1.072485976899781002e-08,1.075089230036811211e-08,2.045688920635410568e+01,2.095596305956338767e+01
5.950000000000000178e+00,3.037050854813727774e-14,1.349958199112952443e-08,1.353444649140321349e-08,2.020373687296277865e+01,2.070276588379356042e+01
6.000000000000000000e+00,3.407574166701354606e-14,1.699170763214677009e-08,1.703868212895489898e-08,1.994977732935678461e+01,2.044875425159692384e+01
6.049999999999999822e+00,3.823294454220752465e-14,2.138649839813328541e-08,2.145018068706320280e-08,1.969493125614710749e+01,2.019385117157241893e+01
6.099999999999999645e+00,4.289723034055707684e-14,2.691708737844625419e-08,2.700382549639596788e-08,1.943897328700976601e+01,1.993784065692110374e+01
6.150000000000000355e+00,4.813042786643267573e-14,3.387675101121059644e-08,3.399530481931288611e-08,1.918162641405966440e+01,1.968045649132122321e+01
6.200000000000000178e+00,5.400189861575726545e-14,4.263428080293100529e-08,4.279685069725239029e-08,1.892256695059120375e+01,1.942137737953260057e+01
6.250000000000000000e+00,6.058945291036933476e-14,5.365325764417575942e-08,5.387705040646062087e-08,1.866136564433728040e+01,1.916015359593974665e+01
6.299999999999999822e+00,6.798037704316454332e-14,6.751612266185881274e-08,6.782578641057573515e-08,1.839720030981574439e+01,1.889590809008413430e+01
6.349999999999999645e+00,7.627258477902407621e-14,8.495427497753882952e-08,8.538562630495786853e-08,1.812840022561829301e+01,1.862687505324988990e+01
6.400000000000000355e+00,8.557590813307120882e-14,1.068853282224598951e-07,1.074913382958388975e-07,1.785351013261640674e+01,1.835143953777888726e+01
6.450000000000000178e+00,9.601354410331851876e-14,1.344596213418611766e-07,1.353196274664888575e-07,1.757206008845915335e+01,1.806895180513257770e+01
6.500000000000000000e+00,1.077236759876659151e-13,1.691192562812046908e-07,1.703517384821598914e-07,1.728199496541669333e+01,1.777720446209004734e+01
6.549999999999999822e+00,1.208612900852138753e-13,2.126707777070085782e-07,2.144522518491392311e-07,1.698484843535290167e+01,1.747735935775138216e+01
6.599999999999999645e+00,1.356002109900244223e-13,2.673725376967215338e-07,2.699682584268244635e-07,1.668386718969754412e+01,1.717152464899276509e+01
6.650000000000000355e+00,1.521353813539743214e-13,3.360336480134672649e-07,3.398541785338342871e-07,1.638088256293853817e+01,1.686237964403197509e+01
6.700000000000000178e+00,1.706854149473591997e-13,4.222034130861430933e-07,4.278288545330152935e-07,1.608250384331486771e+01,1.655697310472056216e+01
6.750000000000000000e+00,1.914954551051929821e-13,5.303364875385047280e-07,5.385732503412661547e-07,1.579477919961168197e+01,1.626147686091739786e+01
6.799999999999999822e+00,2.148403742375677888e-13,6.659526673504588139e-07,6.779792476356770593e-07,1.551391052928030234e+01,1.596956321258851119e+01
6.849999999999999645e+00,2.410283540273550354e-13,8.359205298767691474e-07,8.534627284093244001e-07,1.523732803286220161e+01,1.567756238649945999e+01
6.900000000000000355e+00,2.704048902597083122e-13,1.048827584272197346e-06,1.074357534743375114e-06,1.496560683225751376e+01,1.538568460441216956e+01
6.950000000000000178e+00,3.033572709442865279e-13,1.315391343910911913e-06,1.352411171120737702e-06,1.470493920349326800e+01,1.509959560740313123e+01
7.000000000000000000e+00,3.403195815173289498e-13,1.648991078318313331e-06,1.702408481863513619e-06,1.445908842233836111e+01,1.482777586633973499e+01
7.049999999999999822e+00,3.817782964542900448e-13,2.066344309848089329e-06,2.142956287232433461e-06,1.422564109468289217e+01,1.457009309945183873e+01
7.099999999999999645e+00,4.282785225826089122e-13,2.588328046025535657e-06,2.697470436581094586e-06,1.400163075533514245e+01,1.432416457640246676e+01
7.150000000000000355e+00,4.804309657424772727e-13,3.240999393133538336e-06,3.395417382605589890e-06,1.378524497585241448e+01,1.408850050776868557e+01
7.200000000000000178e+00,5.389196991667335902e-13,4.056910789953416188e-06,4.273875744926021270e-06,1.357566730256674248e+01,1.386204643127460656e+01
7.250000000000000000e+00,6.045108189797021432e-13,5.076740966188505257e-06,5.379500107250702674e-06,1.337222512587305800e+01,1.364356864377232625e+01
7.299999999999999822e+00,6.780620794559843236e-13,6.351272184936690084e-06,6.770990329854512267e-06,1.317435588831678217e+01,1.343219177628810002e+01
7.349999999999999645e+00,7.605336079974467648e-13,7.943939839512843370e-06,8.522196054810524761e-06,1.298131356166882711e+01,1.322708706878725593e+01
7.400000000000000355e+00,8.529998069863946016e-13,9.934024598531665390e-06,1.072601915067082606e-05,1.279224575786173546e+01,1.302712501103580678e+01
7.450000000000000178e+00,9.566625564883057124e-13,1.242050311125119681e-05,1.349931828154669307e-05,1.260645833666989546e+01,1.283135702716653270e+01
7.500000000000000000e+00,1.072865837847348883e-12,1.552690082360940851e-05,1.698907165713788817e-05,1.242345636375794271e+01,1.263915744222138926e+01
7.549999999999999822e+00,1.203111903060599565e-12,1.940745895770802233e-05,2.138011891699372305e-05,1.224285492281143206e+01,1.245019221686112587e+01
7.599999999999999645e+00,1.349079117798515143e-12,2.425505289313301655e-05,2.690488423171945260e-05,1.206407723190088177e+01,1.226376578068808954e+01
7.650000000000000355e+00,1.512641606232988901e-12,3.031054056619804872e-05,3.385558402359872192e-05,1.188659947660462990e+01,1.207922507984808647e+01
7.700000000000000178e+00,1.695890822371862238e-12,3.787450349760062424e-05,4.259954913459945610e-05,1.171001992423001070e+01,1.189610025077716671e+01
7.750000000000000000e+00,1.901159164009866212e-12,4.732193923432973198e-05,5.359844882327202947e-05,1.153404977948055432e+01,1.171406408783943220e+01
7.799999999999999822e+00,2.131045729944850409e-12,5.912064172535088074e-05,6.743240007075916901e-05,1.135857953257312403e+01,1.153291588403070733e+01
7.849999999999999645e+00,2.388444296566394610e-12,7.385394585507687785e-05,8.483018939158093572e-05,1.118367120560100147e+01,1.135255645505679922e+01
7.900000000000000355e+00,2.676573553523225371e-12,9.224896024170475578e-05,1.067071367178237687e-04,1.100940633507943289e+01,1.117296886052460536e+01
7.950000000000000178e+00,2.999009586444715373e-12,1.152118119024697938e-04,1.342125053622831167e-04,1.083587623828582025e+01,1.099422860778658162e+01
8.000000000000000000e+00,3.359720523318518768e-12,1.438719491418715486e-04,1.687888247111765314e-04,1.066304525955661120e+01,1.081626652386700016e+01
8.050000000000000711e+00,3.763103164791237990e-12,1.796361831639061335e-04,2.122460624927313677e-04,1.049086755405360805e+01,1.063901200679786996e+01
8.099999999999999645e+00,4.214021290846717210e-12,2.242555951239787431e-04,2.668542841688841330e-04,1.031932690351486315e+01,1.046245296693526683e+01
8.150000000000000355e+00,4.717845169108074263e-12,2.799072044707745966e-04,3.354592951655818917e-04,1.014843969102093979e+01,1.028663795394317049e+01
8.199999999999999289e+00,5.280491573866132028e-12,3.492902469690083796e-04,4.216268086101368886e-04,9.978215895442446026e+00,1.011159059272704752e+01
8.250000000000000000e+00,5.908463348489931268e-12,4.357533625758251987e-04,5.298219526520354722e-04,9.808688106132905205e+00,9.937361599596329143e+00
8.300000000000000711e+00,6.608887193731497811e-12,5.434567280496018296e-04,6.656324672091458146e-04,9.639874738448362734e+00,9.763954722416052334e+00
8.349999999999999645e+00,7.389547925068423109e-12,6.775802228081750141e-04,8.360457833178068813e-04,9.471797177344136287e+00,9.591372419359601054e+00
8.400000000000000355e+00,8.258916895947959581e-12,8.445538966605848144e-04,1.049792374046654890e-03,9.304488861028445967e+00,9.419608362466910023e+00
8.449999999999999289e+00,9.226171610967061232e-12,1.052345387817185153e-03,1.317770357711108573e-03,9.137997412100972383e+00,9.248637914210448230e+00
8.500000000000000000e+00,1.030120273255406026e-11,1.310803103935572313e-03,1.653569359099496365e-03,8.972381825154045032e+00,9.078443384205598932e+00
8.550000000000000711e+00,1.149460369504806754e-11,1.632072280170167918e-03,2.074115115814011666e-03,8.807732234456736364e+00,8.909057078085453441e+00
8.599999999999999645e+00,1.281763696087315521e-11,2.031203430998106216e-03,2.600460252285853851e-03,8.644164951107740080e+00,8.740529058087943781e+00
8.650000000000000355e+00,1.428216956835002614e-11,2.526728202294472626e-03,3.258750988715905083e-03,8.481819639375231645e+00,8.572937559395491292e+00
8.699999999999999289e+00,1.590056902117273165e-11,3.141425747120341495e-03,4.081404194933333646e-03,8.320846397183977672e+00,8.406374107376770155e+00
8.750000000000000000e+00,1.768554876130412422e-11,3.903239648518490833e-03,5.108533929027641446e-03,8.161411187335716022e+00,8.240932480067733934e+00
8.800000000000000711e+00,1.964995047814032593e-11,4.846342833544303903e-03,6.389671061907462209e-03,8.003710604077504343e+00,8.076747342079471537e+00
8.849999999999999645e+00,2.180644839971953582e-11,6.012485579561710827e-03,7.985823221328784693e-03,7.847959624944820689e+00,7.913984255081189190e+00
8.900000000000000355e+00,2.416715859906638470e-11,7.452495447589087274e-03,9.971924250546264357e-03,7.694377398989033168e+00,7.752798591155197983e+00
8.949999999999999289e+00,2.674313441378900982e-11,9.227973472440267888e-03,1.243972144817930350e-02,7.543182303490041818e+00,7.593327153236629101e+00
9.000000000000000000e+00,2.954372759979245723e-11,1.141316849446954128e-02,1.550114332563742349e-02,7.394595310434560531e+00,7.435742197396542963e+00
9.050000000000000711e+00,3.257579422844089373e-11,1.409750454936000222e-02,1.929217815399071959e-02,7.248845323277606667e+00,7.280228469897494392e+00
9.099999999999999645e+00,3.584272516234608455e-11,1.738804308766974185e-02,2.397727108780722469e-02,7.106137050780560571e+00,7.126899390518559585e+00
9.150000000000000355e+00,3.934328398048265955e-11,2.141179334519606112e-02,2.975421119791392052e-02,6.966574620189440736e+00,6.975589584184049841e+00
9.199999999999999289e+00,4.307024147416993486e-11,2.631765704283502150e-02,3.685942444833876369e-02,6.830355947851245446e+00,6.826375557870925093e+00
9.250000000000000000e+00,4.700880655837728976e-11,3.227623215126672329e-02,4.557350879829582396e-02,6.698149154817684803e+00,6.680381493495659129e+00
9.300000000000000711e+00,5.113487013183366364e-11,3.948826708602204416e-02,5.622673693126764571e-02,6.570450557976712957e+00,6.538359749330197701e+00
9.349999999999999645e+00,5.541310273493897511e-11,4.818533516866506383e-02,6.920410445766876639e-02,6.447672776689316265e+00,6.400837645697500022e+00
9.400000000000000355e+00,5.979498045908190553e-11,5.863035918833320315e-02,8.494931199097162378e-02,6.330214620024086969e+00,6.268240770084759106e+00
9.449999999999999289e+00,6.421685781538151499e-11,7.111741399372030481e-02,1.039668368034419171e-01,6.218516747752957485e+00,6.141011167768439805e+00
9.500000000000000000e+00,6.859826173398422669e-11,8.596900391460118862e-02,1.268209787980929260e-01,6.113095967763754857e+00,6.019655624040737507e+00
9.550000000000000711e+00,7.284064654274919713e-11,1.035302548811462969e-01,1.541304720148496676e-01,6.014513581045264345e+00,5.904703812788511641e+00
9.599999999999999645e+00,7.682692208024679607e-11,1.241607190649817449e-01,1.865569689270096532e-01,5.923390372050228336e+00,5.796750884331160592e+00
9.650000000000000355e+00,8.042213854341321292e-11,1.482198408016875968e-01,2.247854854366702904e-01,5.840422276465126572e+00,5.696484180983809154e+00
9.699999999999999289e+00,8.347576940540006718e-11,1.760465801852400258e-01,2.694948242288413565e-01,5.766326486003073626e+00,5.604580809592121682e+00
9.750000000000000000e+00,8.582605825808381653e-11,2.079338859769785663e-01,3.213161911061860332e-01,5.701961116018253506e+00,5.521811823331937319e+00
9.800000000000000711e+00,8.730686002325021518e-11,2.440947689044883906e-01,3.807788330318419567e-01,5.648364110139894478e+00,5.449176880791512190e+00
9.849999999999999645e+00,8.775727884512474003e-11,2.846240137807363735e-01,4.482427262030735382e-01,5.606795878777234066e+00,5.388027393936766885e+00
9.900000000000000355e+00,8.703414934729947654e-11,3.294572584549571581e-01,5.238202821776194451e-01,5.578495335798926646e+00,5.339492924891160897e+00
9.949999999999999289e+00,8.502699655986298085e-11,3.783230069653996663e-01,6.072918026501977762e-01,5.564791637226591092e+00,5.304711520768329081e+00
1.000000000000000000e+01,8.167453503756572392e-11,4.307002163114598825e-01,6.980229219669829011e-01,5.567118006975519506e+00,5.284857796960437781e+00
1.005000000000000071e+01,7.698106185821496917e-11,4.857878818473558291e-01,7.948961822681472889e-01,5.587030097374196203e+00,5.281200784864424236e+00
1.009999999999999964e+01,7.103035554181880178e-11,5.424961700732219283e-01,8.962724571673651441e-01,5.626173641990270369e+00,5.295045816115660386e+00
1.015000000000000036e+01,6.399408640203298734e-11,5.994675006106764403e-01,1.000000000000000000e+00,5.686274466282867479e+00,5.327718241578580205e+00
