# log_age,instantaneous_sfr,integrated_stellar_mass,integrated_formed_mass,SDSS_u,SDSS_g,SDSS_r
5.500000000000000000e+00,2.278412911918142101e-14,3.595475362484412656e-09,3.602582076622372519e-09,2.130855552927685892e+01,2.165156484222816857e+01,2.215074996560017695e+01
5.549999999999999822e+00,2.556396673533378612e-14,4.526402964309196941e-09,4.535352961082518457e-09,2.105853151153188918e+01,2.140154181581212356e+01,2.190072710052466931e+01
5.599999999999999645e+00,2.868293199237962227e-14,5.698328615749703817e-09,5.709629914960798664e-09,2.080836526196721792e+01,2.115137969221031256e+01,2.165056516768073891e+01
5.650000000000000355e+00,3.218238819025085367e-14,7.173568404907072773e-09,7.187939950034093366e-09,2.055803190374302858e+01,2.090104832079188668e+01,2.140023098395558776e+01
5.700000000000000178e+00,3.610874143514459549e-14,9.030544253818008695e-09,9.048998084815006979e-09,2.030748127409639636e+01,2.065049589442177336e+01,2.114967046195834399e+01
5.750000000000000000e+00,4.051405484706037887e-14,1.136797360053563697e-08,1.139189747148600311e-08,2.005659095036809703e+01,2.039960538162823411e+01,2.089876617348080146e+01
5.799999999999999822e+00,4.545673742522254320e-14,1.431005073634623675e-08,1.434138522571831203e-08,1.980530947319617496e+01,2.014832546146354275e+01,2.064746469010493257e+01
5.849999999999999645e+00,5.100231660681463789e-14,1.801311828626839508e-08,1.805450266600790658e-08,1.955348524335760629e+01,1.989651312943391304e+01,2.039562337437421746e+01
5.900000000000000355e+00,5.722430463774025051e-14,2.267390815802630032e-08,2.272894498759684716e-08,1.930099580203988552e+01,1.964405209175978939e+01,2.014312594177851423e+01
5.950000000000000178e+00,6.420517008462918446e-14,2.853987548950714228e-08,2.861358417490846258e-08,1.904780684892260467e+01,1.939090711145135515e+01,1.988993611659196858e+01
6.000000000000000000e+00,7.203742716927093721e-14,3.592240480545989396e-08,3.602171529077318421e-08,1.879379063561798091e+01,1.913695576123684106e+01,1.963593267539869203e+01
6.049999999999999822e+00,8.082485711571657303e-14,4.521309872620957436e-08,4.534773059406165745e-08,1.853886862703804894e+01,1.888211906511614302e+01,1.938103897237051143e+01
6.099999999999999645e+00,9.068387738359944368e-14,5.690473443212539250e-08,5.708810782421364052e-08,1.828280553562370159e+01,1.862617143049852331e+01,1.912503878912848876e+01
6.150000000000000355e+00,1.017450765374748516e-13,7.161719644892571002e-08,7.186782969346958678e-08,1.802531379407922429e+01,1.836883595757048226e+01,1.886766602356897238e+01
6.200000000000000178e+00,1.141549345915114398e-13,9.012995420764033879e-08,9.047363823241388014e-08,1.776606369985986333e+01,1.810978928494802886e+01,1.860859970316375467e+01
6.250000000000000000e+00,1.280777509936680119e-13,1.134227835495161744e-07,1.138958913741216328e-07,1.750462918503745158e+01,1.784860239882394239e+01,1.834739034061745144e+01
6.299999999999999822e+00,1.436978049971706715e-13,1.427266107150988501e-07,1.433812468171990945e-07,1.724020737897168232e+01,1.758445268756860713e+01,1.808316044854279880e+01
6.349999999999999645e+00,1.612217760348972142e-13,1.795870956922311968e-07,1.804989713518959547e-07,1.697118328745560234e+01,1.731566973696525480e+01,1.781414451995473058e+01
6.400000000000000355e+00,1.808814548907913630e-13,2.259433104008214301e-07,2.272243970662723420e-07,1.669619337272968096e+01,1.704079833951431766e+01,1.753872762903305471e+01
6.450000000000000178e+00,2.029367799795099534e-13,2.842259561270934219e-07,2.860439562765466119e-07,1.641488846940125512e+01,1.675936862297686503e+01,1.725626008170102210e+01
6.500000000000000000e+00,2.276792369297953427e-13,3.574820166794985153e-07,3.600873673911399311e-07,1.612562894503361122e+01,1.646932540098328701e+01,1.696453440783902522e+01
6.549999999999999822e+00,2.554356639474136417e-13,4.495281838723918455e-07,4.532939873383854420e-07,1.583138159946447843e+01,1.617220279188993004e+01,1.666471281130516502e+01
6.599999999999999645e+00,2.865725101382915068e-13,5.651352357188470209e-07,5.706221474640518340e-07,1.553800771000338443e+01,1.587124845720751409e+01,1.635890417147045639e+01
6.650000000000000355e+00,3.215005991283523068e-13,7.102367846570175363e-07,7.183125695835188066e-07,1.524736083690440580e+01,1.556829458534390653e+01,1.604978888548116345e+01
6.700000000000000178e+00,3.606804559470560006e-13,8.923291259629026070e-07,9.042198131184389656e-07,1.496442372590853154e+01,1.526995248954632700e+01,1.574441779863991542e+01
6.750000000000000000e+00,4.046282612651870840e-13,1.120819482091447663e-06,1.138229295272188352e-06,1.469210782706054630e+01,1.498227232009968191e+01,1.544896461293353696e+01
6.799999999999999822e+00,4.539225037045393570e-13,1.407362575196953101e-06,1.432781942252448640e-06,1.442909140954145641e+01,1.470145540292453745e+01,1.515710021155901899e+01
6.849999999999999645e+00,5.092114080672182769e-13,1.766458463655582894e-06,1.803534195253673901e-06,1.417462310872220144e+01,1.442493169785147700e+01,1.486515408777701452e+01
6.900000000000000355e+00,5.712212249487692916e-13,2.216232617407113367e-06,2.270188216310434943e-06,1.392957998491239380e+01,1.415327760300698401e+01,1.457333740549560019e+01
6.950000000000000178e+00,6.407654752641950638e-13,2.779301459541313462e-06,2.857536078748740667e-06,1.369535053975592120e+01,1.389268954780040843e+01,1.428731954293712647e+01
7.000000000000000000e+00,7.187552516619592742e-13,3.483891608949591968e-06,3.596772944598398838e-06,1.347170944885753130e+01,1.364693432126995987e+01,1.401558645611350329e+01
7.049999999999999822e+00,8.062106875223025219e-13,4.365263170153525111e-06,4.527148310855107230e-06,1.325698723685263758e+01,1.341359899328547556e+01,1.375800726200215252e+01
7.099999999999999645e+00,9.042737130759974710e-13,5.467436198786337709e-06,5.698042056500261472e-06,1.304968333103961697e+01,1.318971741187949931e+01,1.351219976028814784e+01
7.150000000000000355e+00,1.014222226914868558e-12,6.845334749201214451e-06,7.171574150527607202e-06,1.284875460524605018e+01,1.297347820708451849e+01,1.327667546212752825e+01
7.200000000000000178e+00,1.137485819487336643e-12,8.567548354236473378e-06,9.025884607870012121e-06,1.265343274165304877e+01,1.276406709714125043e+01,1.305038191865007491e+01
7.250000000000000000e+00,1.275663192662147700e-12,1.071975325061566323e-05,1.135925498455083738e-05,1.246310287158752317e+01,1.256081391278218007e+01,1.283208741721036006e+01
7.299999999999999822e+00,1.430541425541810264e-12,1.340885485577342313e-05,1.429528613639824933e-05,1.227724699305058920e+01,1.236315889093499720e+01,1.262091917806516506e+01
7.349999999999999645e+00,1.604117240676619177e-12,1.676832527005312634e-05,1.798940126251077082e-05,1.209529208385056620e+01,1.217035878001420457e+01,1.241605130266061963e+01
7.400000000000000355e+00,1.798620425707189247e-12,2.096487794318717559e-05,2.263701107403074772e-05,1.191671699555420361e+01,1.198156396200127460e+01,1.221635684144315803e+01
7.450000000000000178e+00,2.016539562002209693e-12,2.620650495036193898e-05,2.848376256868079308e-05,1.174111366666892309e+01,1.179608353160560341e+01,1.202089021871432095e+01
7.500000000000000000e+00,2.260650202458828076e-12,3.275259140583586449e-05,3.583839838341584697e-05,1.156817774386142617e+01,1.161342646082987784e+01,1.182902959422371225e+01
7.549999999999999822e+00,2.534045623255680450e-12,4.092675027035234990e-05,4.508888503116821058e-05,1.139762573429327830e+01,1.143321227522319816e+01,1.164044569789933803e+01
7.599999999999999645e+00,2.840170246409976917e-12,5.113327810724257750e-05,5.672263157546584563e-05,1.122911200639499185e+01,1.125486847168991744e+01,1.145444714267528497e+01
7.650000000000000355e+00,3.182855788237992551e-12,6.387651995506295611e-05,7.135182289776945878e-05,1.106232875115347269e+01,1.107787598526306994e+01,1.127038545439674522e+01
7.700000000000000178e+00,3.566360129185196478e-12,7.978513365187615619e-05,8.974514266397423711e-05,1.089702974356782761e+01,1.090183859956456303e+01,1.108779625785615508e+01
7.750000000000000000e+00,3.995408817921966520e-12,9.964237166928227075e-05,1.128674712655832000e-04,1.073302671987568857e+01,1.072647394520671327e+01,1.090635882204293239e+01
7.799999999999999822e+00,4.475239010848772669e-12,1.244238489586085969e-04,1.419295264312696455e-04,1.057021488470456205e+01,1.055168038199774116e+01,1.072588005301372505e+01
7.849999999999999645e+00,5.011645499565328487e-12,1.553441039721410863e-04,1.784498843551623819e-04,1.040856741241703531e+01,1.037752952666728135e+01,1.054626964456454630e+01
7.900000000000000355e+00,5.611028284115375644e-12,1.939141581859549766e-04,2.243323952795933109e-04,1.024808528988493350e+01,1.020411374473142985e+01,1.036752096400410750e+01
7.950000000000000178e+00,6.280440897687333021e-12,2.420130577188668922e-04,2.819627107020121286e-04,1.008878469367188302e+01,1.003153652702322773e+01,1.018972157746010510e+01
8.000000000000000000e+00,7.027638365516883998e-12,3.019773902807525797e-04,3.543284939581306916e-04,9.930652583662812560e+00,9.859774892189363982e+00,1.001281469659739543e+01
8.050000000000000711e+00,7.861123271173939693e-12,3.767097558396513665e-04,4.451689190264346697e-04,9.773692565691192158e+00,9.688797074991441605e+00,9.836743515064981125e+00
8.099999999999999645e+00,8.790187888823755675e-12,4.698121669689202511e-04,5.591603035701354528e-04,9.617930563347016459e+00,9.518602847146979684e+00,9.661511851098083525e+00
8.150000000000000355e+00,9.824949699421179440e-12,5.857475068376199025e-04,7.021462024148391852e-04,9.463410546157597025e+00,9.349226791965421057e+00,9.487186637117176247e+00
8.199999999999999289e+00,1.097637681870177604e-11,7.300275370645970680e-04,8.814220371942685850e-04,9.310179118401357812e+00,9.180699161766355587e+00,9.313811772176649129e+00
8.250000000000000000e+00,1.225629889998466723e-11,9.094602551214928977e-04,1.106086383365379421e-03,9.158296867257995189e+00,9.013075520093352111e+00,9.141461013459512230e+00
8.300000000000000711e+00,1.367739790912802233e-11,1.132462783459842887e-03,1.387473394966977488e-03,9.007833272891346610e+00,8.846399745732583142e+00,8.970163169994776808e+00
8.349999999999999645e+00,1.525317177755047766e-11,1.409459946881690519e-03,1.739683521814161006e-03,8.858865930869441740e+00,8.680721738170888102e+00,8.799948681195616018e+00
8.400000000000000355e+00,1.699786230129529996e-11,1.753314008683513718e-03,2.180232637286174616e-03,8.711488216621646075e+00,8.516107014320574820e+00,8.630842250559759066e+00
8.449999999999999289e+00,1.892633675779111690e-11,2.179852971220405233e-03,2.730842878302411087e-03,8.565801465904414158e+00,8.352639334125740334e+00,8.462853408238352415e+00
8.500000000000000000e+00,2.105391056112571315e-11,2.708486831853663176e-03,3.418401768129133815e-03,8.421904442104825250e+00,8.190418331066616986e+00,8.296002628541771173e+00
8.550000000000000711e+00,2.339609590073852335e-11,3.362937343442761514e-03,4.276119317891363507e-03,8.279903588405439052e+00,8.029580395123034009e+00,8.130365969612398658e+00
8.599999999999999645e+00,2.596825877611524864e-11,4.172318169631098611e-03,5.344915419809806272e-03,8.139909159060813693e+00,7.870294348101779747e+00,7.966042671111871698e+00
8.650000000000000355e+00,2.878516427754347309e-11,5.172069883018141738e-03,6.675071403772959815e-03,8.002043122281435217e+00,7.712759391092752992e+00,7.803166616954150925e+00
8.699999999999999289e+00,3.186038757811055648e-11,6.405196175229916668e-03,8.328179327777672850e-03,7.866450109420071612e+00,7.557192628087939568e+00,7.641891696407284940e+00
8.750000000000000000e+00,3.520556621479718844e-11,7.923680689537082600e-03,1.037941928296586512e-02,7.733307101232135494e+00,7.403835672088632691e+00,7.482381084611965605e+00
8.800000000000000711e+00,3.882946831565280009e-11,9.790033789264948605e-03,1.292018717031549919e-02,7.602818993867209940e+00,7.252971242937931606e+00,7.324848493706447528e+00
8.849999999999999645e+00,4.273685213605242910e-11,1.207919404106444668e-02,1.606108099587337523e-02,7.475203067106711785e+00,7.104911652943755485e+00,7.169548899030850464e+00
8.900000000000000355e+00,4.692709549664072267e-11,1.488042934829908459e-02,1.993523009356303055e-02,7.350689637830740253e+00,6.959985084285733592e+00,7.016736159794902505e+00
8.949999999999999289e+00,5.139258064261016701e-11,1.829923604730241543e-02,2.470191554491766445e-02,7.229535488824645029e+00,6.818531502697162239e+00,6.866654725689052441e+00
9.000000000000000000e+00,5.611683214440872206e-11,2.245908195728771317e-02,3.055037755055281870e-02,7.112032923895682757e+00,6.680907421515655642e+00,6.719598258500703025e+00
9.050000000000000711e+00,6.107242450209341578e-11,2.750384458918610914e-02,3.770363232486528132e-02,6.998515481601117472e+00,6.547492871148421045e+00,6.575886005205362039e+00
9.099999999999999645e+00,6.621870408613498285e-11,3.359924570925030413e-02,4.642202293467997259e-02,6.889362307791188300e+00,6.418656897297793762e+00,6.435770769864717522e+00
9.150000000000000355e+00,7.149940897231701786e-11,4.093292895068281062e-02,5.700610186291196757e-02,6.784999551433543274e+00,6.294671886471149946e+00,6.299205492495708825e+00
9.199999999999999289e+00,7.684032183226714087e-11,4.971254129661099863e-02,6.979828651300619413e-02,6.685941451784664480e+00,6.175931733360648934e+00,6.166423771408304333e+00
9.250000000000000000e+00,8.214715618105313256e-11,6.015807471536266382e-02,8.518254503496272556e-02,6.592886434703558507e+00,6.063388277871027299e+00,6.038868132767554187e+00
9.300000000000000711e+00,8.730395408650183709e-11,7.251086801924015723e-02,1.035811683593408639e-01,6.506538449052733597e+00,5.957822402999070732e+00,5.917583962956946664e+00
9.349999999999999645e+00,9.217236010308660397e-11,8.702427529545796181e-02,1.254474855003187006e-01,6.427643296145944873e+00,5.859943161389239208e+00,5.803382785188048842e+00
9.400000000000000355e+00,9.659222341920528247e-11,1.039526493012961489e-01,1.512532185556494102e-01,6.357020359115381325e+00,5.770466211590132843e+00,5.696977352199247946e+00
9.449999999999999289e+00,1.003840534819871314e-10,1.235377215978753496e-01,1.814691066556039789e-01,6.295586729689581773e+00,5.690180098648951912e+00,5.599119457937661082e+00
9.500000000000000000e+00,1.033538913121760900e-10,1.459894667575371840e-01,2.165375326492786079e-01,6.244381038503647119e+00,5.619989112697162170e+00,5.510657275829771606e+00
9.550000000000000711e+00,1.053011282611950926e-10,1.714618533433595882e-01,2.568362633391616523e-01,6.204552187876615221e+00,5.560871680974706521e+00,5.432479230624551292e+00
9.599999999999999645e+00,1.060296673023357833e-10,2.000271794077527199e-01,3.026331790146439826e-01,6.177355633831631110e+00,5.513896337376586132e+00,5.365564454320185916e+00
9.650000000000000355e+00,1.053625369291475306e-10,2.316439183321013506e-01,3.540331309037854646e-01,6.164162931837850579e+00,5.480236259343307381e+00,5.311012119533216946e+00
9.699999999999999289e+00,1.031595982715456071e-10,2.661237135162656253e-01,4.109198931788742293e-01,6.166424307699372775e+00,5.461079179002680917e+00,5.269884233556602737e+00
9.750000000000000000e+00,9.933731813846569740e-11,3.031040652215983289e-01,4.728985358942732198e-01,6.185821522636828718e+00,5.457789954865312154e+00,5.243336756331153481e+00
9.800000000000000711e+00,9.388874513804361416e-11,3.420255683153671789e-01,5.392462270577502714e-01,6.224256412347251910e+00,5.471964206611417580e+00,5.232818002811320923e+00
9.849999999999999645e+00,8.690092475684824522e-11,3.821274139969260686e-01,6.088820112009577512e-01,6.283834902477593687e+00,5.505490958584587702e+00,5.240267605893343728e+00
9.900000000000000355e+00,7.856621737353931993e-11,4.224668113393539870e-01,6.803677388484211663e-01,6.366792878268235256e+00,5.560084629572862980e+00,5.267105402865773556e+00
9.949999999999999289e+00,6.918363171684935878e-11,4.619522494402258928e-01,7.519519951362324539e-01,6.475539963725886139e+00,5.637410289364666482e+00,5.314541775132745727e+00
1.000000000000000000e+01,5.914670592888981176e-11,4.994101749958153591e-01,8.216654672369442247e-01,6.612633761839511237e+00,5.739008209562300067e+00,5.383517588804991760e+00
1.005000000000000071e+01,4.891597438331636173e-11,5.336808288080643337e-01,8.874688700112906004e-01,6.780712065275764644e+00,5.866203200533554707e+00,5.474705540174007012e+00
1.009999999999999964e+01,3.897677198467987358e-11,5.637354174055301259e-01,9.474433717226610208e-01,6.982368205276344497e+00,6.019851869355576923e+00,5.588244849357863586e+00
1.015000000000000036e+01,2.978678387875217551e-11,5.887956681216396371e-01,1.000000000000000000e+00,7.219978756226041128e+00,6.200090368177718858e+00,5.723556350220128763e+00
