# log_age,stellar_mass,formed_mass,SDSS_g,SDSS_r
5.500000000000000000e+00,2.103975709794991399e-04,2.108134368224065503e-04,9.733353831061869244e+00,1.023253895443387762e+01
5.549999999999999822e+00,2.360646194553437586e-04,2.365335243589200337e-04,9.607958004137117314e+00,1.010714533040899710e+01
5.599999999999999645e+00,2.648524903675295050e-04,2.653911495955605152e-04,9.482088251930484546e+00,9.981270463961394057e+00
5.650000000000000355e+00,2.971352534997569596e-04,2.977689461252929241e-04,9.355980733575840702e+00,9.855140253828778896e+00
5.700000000000000178e+00,3.333424208226432061e-04,3.340961831155771526e-04,9.229196396695840576e+00,9.728324731858450036e+00
5.750000000000000000e+00,3.739489838021429731e-04,3.748544420468751101e-04,9.101751501771872199e+00,9.600836610260877535e+00
5.799999999999999822e+00,4.194888387712802751e-04,4.205839825818960369e-04,8.973534359699272045e+00,9.472563925056071810e+00
5.849999999999999645e+00,4.705676483489966378e-04,4.718908807384845135e-04,8.844102795121145277e+00,9.343073049997428825e+00
5.900000000000000355e+00,5.278473108138299853e-04,5.294550324506029334e-04,8.713813524436055502e+00,9.212712756320300400e+00
5.950000000000000178e+00,5.920774433272536948e-04,5.940391266604674696e-04,8.582480241180206804e+00,9.081300916490086195e+00
6.000000000000000000e+00,6.640938339776882721e-04,6.664987044215917641e-04,8.449962894569388538e+00,8.948702814426667373e+00
6.049999999999999822e+00,7.448339067276845554e-04,7.477934342302832013e-04,8.315971109086881086e+00,8.814649876595481715e+00
6.099999999999999645e+00,8.353612467450075236e-04,8.389997491023710573e-04,8.179755442800441756e+00,8.678426714896325223e+00
6.150000000000000355e+00,9.368467790170873508e-04,9.413250079200564469e-04,8.040940855072257420e+00,8.539655806829230755e+00
6.200000000000000178e+00,1.050590657683909621e-03,1.056123362468418736e-03,7.898960480079516344e+00,8.397709664542936991e+00
6.250000000000000000e+00,1.178030539763188405e-03,1.184913532537392334e-03,7.752707428270632306e+00,8.251331533158726472e+00
6.299999999999999822e+00,1.320755985481577698e-03,1.329398714675679178e-03,7.598408022043685150e+00,8.096568403207221820e+00
6.349999999999999645e+00,1.480512380089987930e-03,1.491488875844076099e-03,7.432008513672556660e+00,7.929042722948409505e+00
6.400000000000000355e+00,1.659190250575070516e-03,1.673325711526345251e-03,7.258033790265407958e+00,7.753007024452813312e+00
6.450000000000000178e+00,1.858907396478437458e-03,1.877310579020594148e-03,7.071672739458321644e+00,7.563421464539672456e+00
6.500000000000000000e+00,2.082004872748649971e-03,2.106135750844434235e-03,6.874724950338773510e+00,7.362622988165483662e+00
6.549999999999999822e+00,2.331114635644127627e-03,2.362819370617739567e-03,6.683642031569327457e+00,7.162516048890644527e+00
6.599999999999999645e+00,2.608399878746419341e-03,2.650744534597950126e-03,6.495870318920815123e+00,6.963507679037419962e+00
6.650000000000000355e+00,2.917276017825028676e-03,2.973702966331368599e-03,6.319904472531987949e+00,6.777522721334179323e+00
6.700000000000000178e+00,3.262729557380153553e-03,3.335943799706548012e-03,6.179653877137724294e+00,6.628012302897886343e+00
6.750000000000000000e+00,3.647875261758277022e-03,3.742228036991000761e-03,6.052799851264410336e+00,6.485385865496439806e+00
6.799999999999999822e+00,4.075534804559004069e-03,4.197889303053778907e-03,5.916746271164342375e+00,6.322048078663520698e+00
6.849999999999999645e+00,4.550452718873388737e-03,4.708901574558760524e-03,5.779656342479754016e+00,6.152584819447312725e+00
6.900000000000000355e+00,5.078085826662558262e-03,5.281954622916035756e-03,5.663536123331326166e+00,5.992892166803443388e+00
6.950000000000000178e+00,5.664119565467428535e-03,5.924537971326448646e-03,5.586468166503173904e+00,5.873387037499668395e+00
7.000000000000000000e+00,6.315211831822293599e-03,6.645034228102139791e-03,5.528587058611535099e+00,5.787994731992085917e+00
7.049999999999999822e+00,7.038819999116802291e-03,7.452822718850411060e-03,5.470464992299064022e+00,5.709844675117373924e+00
7.099999999999999645e+00,7.842917482707236626e-03,8.358394396663722595e-03,5.412206069243026718e+00,5.637258552530859390e+00
7.150000000000000355e+00,8.736461957907070558e-03,9.373479058963064131e-03,5.357069007680024697e+00,5.571955450061203408e+00
7.200000000000000178e+00,9.729808022271102877e-03,1.051118593783579441e-02,5.306484195413361249e+00,5.512136111475214761e+00
7.250000000000000000e+00,1.083411361612414241e-02,1.178615875203335196e-02,5.259914937499317489e+00,5.456426105869383036e+00
7.299999999999999822e+00,1.206157046211974761e-02,1.321474630605745659e-02,5.216465714908530060e+00,5.405283987520540734e+00
7.349999999999999645e+00,1.342628871974412344e-02,1.481518968573403150e-02,5.173899299613005098e+00,5.356213644394316020e+00
7.400000000000000355e+00,1.494359954864161316e-02,1.660782701862351801e-02,5.131324488954277285e+00,5.307166494156987824e+00
7.450000000000000178e+00,1.662986177108597904e-02,1.861531662672902959e-02,5.089025875788266262e+00,5.258474319676338382e+00
7.500000000000000000e+00,1.850322335142188038e-02,2.086287917969935693e-02,5.047574690130957720e+00,5.211644754049132189e+00
7.549999999999999822e+00,2.058502774418177056e-02,2.337855913601158409e-02,5.005984853014396663e+00,5.165687767303204225e+00
7.599999999999999645e+00,2.289887096413820503e-02,2.619350530904284921e-02,4.962886323521182419e+00,5.118263352671363009e+00
7.650000000000000355e+00,2.546929415909515368e-02,2.934226977968968156e-02,4.918491246901673719e+00,5.069719105069566467e+00
7.700000000000000178e+00,2.832309076319195970e-02,3.286312355514645067e-02,4.873029483308712884e+00,5.020492615337815323e+00
7.750000000000000000e+00,3.148970810250730640e-02,3.679838629402054639e-02,4.827080403119190066e+00,4.971019244389488279e+00
7.799999999999999822e+00,3.500141692941070859e-02,4.119476602122734699e-02,4.781840789629612232e+00,4.921816573606527356e+00
7.849999999999999645e+00,3.889313958571923718e-02,4.610370297205072798e-02,4.737947521887811320e+00,4.873269193963913892e+00
7.900000000000000355e+00,4.320267982237475241e-02,5.158170945295150606e-02,4.695639295182523654e+00,4.826146403669639540e+00
7.950000000000000178e+00,4.797194598400989635e-02,5.769069479687548296e-02,4.654602612389304284e+00,4.780292304086842137e+00
8.000000000000000000e+00,5.324649192224963773e-02,6.449826102449354726e-02,4.614251663434806972e+00,4.734984567099957076e+00
8.050000000000000711e+00,5.907414447340524066e-02,7.207795059698149376e-02,4.574755965672252955e+00,4.690505445519541183e+00
8.099999999999999645e+00,6.550581512283749908e-02,8.050942255950783999e-02,4.536389778718152854e+00,4.647360132255613507e+00
8.150000000000000355e+00,7.258995914840958574e-02,8.987852733863889443e-02,4.499273790385778682e+00,4.605697235553890323e+00
8.199999999999999289e+00,8.037576106904693873e-02,1.002772434105713845e-01,4.463534530496495734e+00,4.565616961371461002e+00
8.250000000000000000e+00,8.892121150920943851e-02,1.118034309910869717e-01,4.429319617824504007e+00,4.527192721713859669e+00
8.300000000000000711e+00,9.829914706764286692e-02,1.245603488871407788e-01,4.396635186987928989e+00,4.490268347056741050e+00
8.349999999999999645e+00,1.085849286930099106e-01,1.386558708984029220e-01,4.365656167758437789e+00,4.454959312574167996e+00
8.400000000000000355e+00,1.198432202861509782e-01,1.542013280583995893e-01,4.336605487892697397e+00,4.421216286032262133e+00
8.449999999999999289e+00,1.321357282578792258e-01,1.713098932190223467e-01,4.309702522621911669e+00,4.389008414287040694e+00
8.500000000000000000e+00,1.455044844106477830e-01,1.900944160298703167e-01,4.285272710930435380e+00,4.358660990269328295e+00
8.550000000000000711e+00,1.600152821077938936e-01,2.106646107374620103e-01,4.263761762985325277e+00,4.330566727539199690e+00
8.599999999999999645e+00,1.757329851499992712e-01,2.331234985131323545e-01,4.245622931623806551e+00,4.305029423200139149e+00
8.650000000000000355e+00,1.926792346001802714e-01,2.575630130037876442e-01,4.231296426397115340e+00,4.282452501187464122e+00
8.699999999999999289e+00,2.108732517802543172e-01,2.840586960700227648e-01,4.221199906476634567e+00,4.263075025286894970e+00
8.750000000000000000e+00,2.303056616126558653e-01,3.126634446176217441e-01,4.215920995745861433e+00,4.247307133081811514e+00
8.800000000000000711e+00,2.509512973986114392e-01,3.434003241025653796e-01,4.216134467829888877e+00,4.235811597364104841e+00
8.849999999999999645e+00,2.727660477618598645e-01,3.762545450763247756e-01,4.222427387029490831e+00,4.229040476641067414e+00
8.900000000000000355e+00,2.956610825097770179e-01,4.111648110305365367e-01,4.235335546835486298e+00,4.227132804091205287e+00
8.949999999999999289e+00,3.194811172373407948e-01,4.480143922158367764e-01,4.255403444914072963e+00,4.230505879163459326e+00
9.000000000000000000e+00,3.440495531357727899e-01,4.866224610846907050e-01,4.283253166422426261e+00,4.239795709975339832e+00
9.050000000000000711e+00,3.691828672939684863e-01,5.267364346956653343e-01,4.319491754972375475e+00,4.255365114662211568e+00
9.099999999999999645e+00,3.945890782643327044e-01,5.680262929507824410e-01,4.363850380136661045e+00,4.275387551723021318e+00
9.150000000000000355e+00,4.199229392042098108e-01,6.100820515841799407e-01,4.415575108935421156e+00,4.297420892289501637e+00
9.199999999999999289e+00,4.444902436540734136e-01,6.524157225728995924e-01,4.479512077843637030e+00,4.330696533217178512e+00
9.250000000000000000e+00,4.678951624413400512e-01,6.944691326116710917e-01,4.559205460671812205e+00,4.381342495731082920e+00
9.300000000000000711e+00,4.900907365584520892e-01,7.356288189497458552e-01,4.652781439048482071e+00,4.445110901992627817e+00
9.349999999999999645e+00,5.106909837143746023e-01,7.752488027409677462e-01,4.760493390524821677e+00,4.521429289168025889e+00
9.400000000000000355e+00,5.293559638622956642e-01,8.126812878150966313e-01,4.882509563468701685e+00,4.609662459267269696e+00
9.449999999999999289e+00,5.457722610050670387e-01,8.473142239015978294e-01,5.019686806278869540e+00,4.710347944729846859e+00
9.500000000000000000e+00,5.596589457918196286e-01,8.786132630497275331e-01,5.172400231531497639e+00,4.823372447572758404e+00
9.550000000000000711e+00,5.708614426119356100e-01,9.061640978600328244e-01,5.339932115526437428e+00,4.947832644994264228e+00
9.599999999999999645e+00,5.793614034951751757e-01,9.297098104061469748e-01,5.521558843776489311e+00,5.083562970225230515e+00
9.650000000000000355e+00,5.852146719449008438e-01,9.491771140244374960e-01,5.713994361793766075e+00,5.228222999035665453e+00
9.699999999999999289e+00,5.886244111572427329e-01,9.646857120101819394e-01,5.913369792410733794e+00,5.378104346415000236e+00
9.750000000000000000e+00,5.899002511338232724e-01,9.765367911387456967e-01,6.117952273878849212e+00,5.531828601636298970e+00
9.800000000000000711e+00,5.894106611439668963e-01,9.851799556206508601e-01,6.329077221785965435e+00,5.695582405813865989e+00
9.849999999999999645e+00,5.876323919485834102e-01,9.911622161525477370e-01,6.541135517643041908e+00,5.864994591117884681e+00
9.900000000000000355e+00,5.849902341409777273e-01,9.950669365904862840e-01,6.742946269228319522e+00,6.027205982689196162e+00
9.949999999999999289e+00,5.817886760268271562e-01,9.974534991183175991e-01,6.930505253002536392e+00,6.178838130483612190e+00
1.000000000000000000e+01,5.782725161041381012e-01,9.988086056911161803e-01,7.102121296952958573e+00,6.318680939081083636e+00
1.005000000000000071e+01,5.746259519816684369e-01,9.995171091195736990e-01,7.258931815057934500e+00,6.448229774697743721e+00
1.009999999999999964e+01,5.709738560991208800e-01,9.998548405493221658e-01,7.404345726175854736e+00,6.569859073981675124e+00
1.015000000000000036e+01,5.673930066096389835e-01,1.000000000000000000e+00,7.541007475807020910e+00,6.685056643498541007e+00
