# log_age,instantaneous_sfr,integrated_stellar_mass,integrated_formed_mass,sdss_g,sdss_r
5.500000000000000000e+00,1.647515972210659420e-10,5.199742971403935272e-05,5.210020635179414458e-05,1.125100094374845838e+01,1.175018606712046676e+01
5.549999999999999822e+00,1.647506890745610814e-10,5.834134610949177739e-05,5.845723188579991537e-05,1.112559418041635695e+01,1.162478150649859288e+01
5.599999999999999645e+00,1.647496701233828061e-10,6.545676396020984941e-05,6.558989013372863296e-05,1.099971219668236699e+01,1.149889440905313620e+01
5.650000000000000355e+00,1.647485268488590925e-10,7.343619744229865521e-05,7.359281179960753996e-05,1.087359097156585364e+01,1.137275049452127007e+01
5.700000000000000178e+00,1.647472440831900827e-10,8.238588080531210095e-05,8.257217148289732129e-05,1.074679132646451762e+01,1.124591966767751217e+01
5.750000000000000000e+00,1.647458048083271317e-10,9.242331142499877789e-05,9.264709552351583729e-05,1.061932932266022789e+01,1.111841444224604913e+01
5.799999999999999822e+00,1.647441899303389264e-10,1.036805736625441815e-04,1.039512414408954558e-04,1.049109307503029953e+01,1.099012265839515123e+01
5.849999999999999645e+00,1.647423780262792250e-10,1.163075251465081031e-04,1.166345698589073173e-04,1.036164023799541667e+01,1.086061051860129112e+01
5.900000000000000355e+00,1.647403450602103250e-10,1.304679687341991912e-04,1.308653323411854163e-04,1.023132720062675105e+01,1.073022646842571248e+01
5.950000000000000178e+00,1.647380640646298298e-10,1.463474449672646810e-04,1.468323014045896881e-04,1.009996740404935878e+01,1.059878812729211717e+01
6.000000000000000000e+00,1.647355047830925908e-10,1.641528653516903253e-04,1.647472721651657571e-04,9.967420494829724475e+00,1.046616047566421770e+01
6.049999999999999822e+00,1.647326332693107472e-10,1.841163535271901717e-04,1.848478686381222608e-04,9.833395819524703541e+00,1.033207465637774192e+01
6.099999999999999645e+00,1.647294114374430015e-10,2.065013310111248892e-04,2.074006917124019832e-04,9.697143750939552831e+00,1.019581508599489439e+01
6.150000000000000355e+00,1.647257965576451663e-10,2.315978971198376986e-04,2.327048502972068039e-04,9.558288953461740789e+00,1.005700394643921669e+01
6.200000000000000178e+00,1.647217406902374214e-10,2.597282770891588322e-04,2.610959221513806257e-04,9.416264314633210120e+00,9.915013523516144289e+00
6.250000000000000000e+00,1.647171900510421047e-10,2.912489153850552183e-04,2.929503965186994858e-04,9.269962909995598466e+00,9.768587087520515411e+00
6.299999999999999822e+00,1.647120842995483953e-10,3.265540951135734887e-04,3.286906569747019341e-04,9.115612256092752830e+00,9.613772905722754558e+00
6.349999999999999645e+00,1.647063557405572653e-10,3.660769832250172556e-04,3.687905699127244597e-04,8.949160087955895904e+00,9.446195073268711440e+00
6.400000000000000355e+00,1.646999284288358082e-10,4.102870845626141374e-04,4.137817519629037838e-04,8.775128382985315056e+00,9.270103363305778998e+00
6.450000000000000178e+00,1.646927171650569508e-10,4.597106553336520376e-04,4.642605984146496779e-04,8.588708580737161924e+00,9.080460617948126867e+00
6.500000000000000000e+00,1.646846263698970383e-10,5.149298594082106278e-04,5.208961645342824335e-04,8.391698059922774178e+00,8.879601222169810626e+00
6.549999999999999822e+00,1.646755488215975141e-10,5.765996682180437368e-04,5.844390026308225001e-04,8.200536823870280045e+00,8.679421347895633687e+00
6.599999999999999645e+00,1.646653642405508924e-10,6.452603540220157351e-04,6.557310699572191631e-04,8.012672645554644646e+00,8.480327072158168278e+00
6.650000000000000355e+00,1.646539377025187680e-10,7.217630262496763094e-04,7.357168361819484180e-04,7.836590924715643780e+00,8.294232009701843822e+00
6.700000000000000178e+00,1.646411178599193402e-10,8.073489070770631425e-04,8.254557343781189754e-04,7.696175810141689055e+00,8.144563082902834594e+00
6.750000000000000000e+00,1.646267349482003087e-10,9.027989603535784653e-04,9.261361164111038850e-04,7.569127991387148313e+00,8.001757538230791056e+00
6.799999999999999822e+00,1.646105985516230048e-10,1.008824405878793211e-03,1.039090892452440833e-03,7.432873721490665275e+00,7.838248390021504974e+00
6.849999999999999645e+00,1.645924950997899540e-10,1.126615034546984712e-03,1.165815055283618996e-03,7.295563553661658318e+00,7.668601885415583297e+00
6.900000000000000355e+00,1.645721850629315339e-10,1.257540983906748960e-03,1.307985313292630344e-03,7.179161966242816106e+00,7.508687017386975526e+00
6.950000000000000178e+00,1.645493998102848397e-10,1.403034244092652393e-03,1.467482081819417332e-03,7.101705937330955010e+00,7.388860522156420529e+00
7.000000000000000000e+00,1.645238380918311584e-10,1.564773807191465133e-03,1.646414110995264969e-03,7.043353711426426855e+00,7.303045236597746737e+00
7.049999999999999822e+00,1.644951620991614420e-10,1.744644612787701931e-03,1.847146059683388037e-03,6.984712801108173608e+00,7.224413549355006126e+00
7.099999999999999645e+00,1.644629930562892876e-10,1.944669556885348163e-03,2.072329359788443754e-03,6.925880643618896215e+00,7.151280949015060173e+00
7.150000000000000355e+00,1.644269062857885803e-10,2.167127741548344460e-03,2.324936753293336232e-03,6.870096097577018668e+00,7.085349397429958174e+00
7.200000000000000178e+00,1.643864256896713078e-10,2.414659725696105194e-03,2.608300926114253890e-03,6.818772411454993687e+00,7.024813127360786780e+00
7.250000000000000000e+00,1.643410175779118646e-10,2.690124891989253194e-03,2.926157708430315255e-03,6.771361280469136545e+00,6.968289365271452596e+00
7.299999999999999822e+00,1.642900837704476143e-10,2.996663289320724601e-03,3.282694360679992446e-03,6.726957287877624481e+00,6.916219255930307952e+00
7.349999999999999645e+00,1.642329538908275625e-10,3.337920549379756394e-03,3.682603518020497596e-03,6.683322411181450207e+00,6.866105636155360514e+00
7.400000000000000355e+00,1.641688767614460274e-10,3.717883404590665609e-03,4.131143423691226516e-03,6.639557698501405980e+00,6.815898857885258622e+00
7.450000000000000178e+00,1.640970108015034789e-10,4.140841359677892644e-03,4.634205143289009746e-03,6.595930422017183048e+00,6.765913539973453794e+00
7.500000000000000000e+00,1.640164133195260767e-10,4.611586733610809237e-03,5.198387517130906299e-03,6.552988809551102634e+00,6.717625501660741349e+00
7.549999999999999822e+00,1.639260285825288965e-10,5.135777220411938924e-03,5.831080676111197181e-03,6.509738651475522886e+00,6.670034997834200396e+00
7.599999999999999645e+00,1.638246745338442271e-10,5.719722098859829178e-03,6.540559016903911907e-03,6.464807636238575128e+00,6.620809023797363579e+00
7.650000000000000355e+00,1.637110280214366908e-10,6.370081660528502214e-03,7.336084603756569573e-03,6.418386307781133837e+00,6.570271954344711673e+00
7.700000000000000178e+00,1.635836083884454963e-10,7.094218350594912702e-03,8.228022034694941131e-03,6.370679677486080550e+00,6.518833175127745960e+00
7.750000000000000000e+00,1.634407592680808728e-10,7.900330967283531597e-03,9.227965877247303744e-03,6.322231963571972813e+00,6.466895254436067830e+00
7.799999999999999822e+00,1.632806284163329573e-10,8.797539962494098364e-03,1.034888183948270805e-02,6.274185664051131539e+00,6.414936102391550321e+00
7.849999999999999645e+00,1.631011454088547937e-10,9.795898198666632556e-03,1.160526289182987024e-02,6.227126196998682417e+00,6.363297301661908989e+00
7.900000000000000355e+00,1.628999970236883259e-10,1.090651314305617937e-02,1.301330158799524073e-02,6.181241775607624334e+00,6.312688081936755680e+00
7.950000000000000178e+00,1.626746001302866963e-10,1.214192991360169178e-02,1.459107984180657049e-02,6.136179097133421578e+00,6.262910342992014989e+00
8.000000000000000000e+00,1.624220719089336963e-10,1.351611823104829045e-02,1.635877739127753958e-02,6.091317936922528986e+00,6.213212509861449462e+00
8.050000000000000711e+00,1.621391972349362159e-10,1.504425372056011380e-02,1.833890010925982167e-02,6.046765838945283633e+00,6.163813136019889782e+00
8.099999999999999645e+00,1.618223930811051318e-10,1.674306521578440565e-02,2.055652918607757743e-02,6.002722832886696835e+00,6.115135624815316362e+00
8.150000000000000355e+00,1.614676698228501453e-10,1.862964088927928155e-02,2.303959199386238291e-02,5.959233326553174948e+00,6.067251680384046608e+00
8.199999999999999289e+00,1.610705893761963304e-10,2.072241588266506354e-02,2.581915512043900240e-02,5.916337872032222833e+00,6.020176588988022104e+00
8.250000000000000000e+00,1.606262201645121433e-10,2.304343059594630289e-02,2.892973960222834651e-02,5.874088122389416355e+00,5.973892741075601975e+00
8.300000000000000711e+00,1.601290890000383650e-10,2.562015149802642985e-02,3.240965775354492928e-02,5.832392512531512807e+00,5.928157170540778509e+00
8.349999999999999645e+00,1.595731300878812534e-10,2.848283984187470821e-02,3.630137013864456752e-02,5.791307359312227732e+00,5.882974225057374440e+00
8.400000000000000355e+00,1.589516315207713511e-10,3.166171210970776528e-02,4.065186010841396330e-02,5.750920444062217030e+00,5.838186075197526748e+00
8.449999999999999289e+00,1.582571798418554281e-10,3.518936737771127810e-02,4.551302186082554352e-02,5.711302155059236441e+00,5.793644431170498876e+00
8.500000000000000000e+00,1.574816035209814429e-10,3.909723498227620636e-02,5.094205610694332170e-02,5.672602317073447864e+00,5.749513147063034069e+00
8.550000000000000711e+00,1.566159165299505453e-10,4.342696889709923846e-02,5.700186504415964694e-02,5.635058449676350278e+00,5.706000263111278059e+00
8.599999999999999645e+00,1.556502636283210717e-10,4.822535306576362230e-02,6.376143535556588748e-02,5.598890268083792421e+00,5.663215158257081328e+00
8.650000000000000355e+00,1.545738694993241580e-10,5.353458814519343467e-02,7.129619425854423487e-02,5.564280845281956545e+00,5.621336023383484815e+00
8.699999999999999289e+00,1.533749945220606294e-10,5.940335360165049927e-02,7.968831909938894897e-02,5.531367610916639421e+00,5.580381267766675535e+00
8.750000000000000000e+00,1.520409007483401173e-10,6.588137979330192795e-02,8.902697551543262144e-02,5.500401191066814022e+00,5.540495134299888491e+00
8.800000000000000711e+00,1.505578325859577213e-10,7.302361717791591711e-02,9.940845265210931925e-02,5.471668397656820559e+00,5.502006786825333506e+00
8.849999999999999645e+00,1.489110177870323595e-10,8.089065030687668523e-02,1.109361562445868726e-01,5.445348468318613300e+00,5.465048329037919927e+00
8.900000000000000355e+00,1.470846956055734725e-10,8.954323745262142420e-02,1.237204115147990668e-01,5.421548448457571112e+00,5.429492978614931076e+00
8.949999999999999289e+00,1.450621804164026745e-10,9.903752148378790199e-02,1.378780178389946709e-01,5.400354652571522251e+00,5.395420629574616100e+00
9.000000000000000000e+00,1.428259706534081892e-10,1.094362304621523119e-01,1.535314861799561004e-01,5.381885399021342664e+00,5.363064526343805483e+00
9.050000000000000711e+00,1.403579145772074505e-10,1.208127401094770542e-01,1.708078787133613385e-01,5.366229397392707767e+00,5.332454000233624924e+00
9.099999999999999645e+00,1.376394460302731101e-10,1.332249328545135891e-01,1.898371585419016405e-01,5.352913584805889968e+00,5.302203988585333150e+00
9.150000000000000355e+00,1.346519048379071374e-10,1.467259482730795261e-01,2.107499468884632965e-01,5.341245670916535460e+00,5.270695895994023772e+00
9.199999999999999289e+00,1.313769576520778610e-10,1.612858472970627455e-01,2.336745771892683454e-01,5.333820805954132993e+00,5.243474968673744740e+00
9.250000000000000000e+00,1.277971355081130568e-10,1.769401314109627643e-01,2.587333321970219924e-01,5.332275159095402728e+00,5.223897827201092525e+00
9.300000000000000711e+00,1.238965037580343467e-10,1.938114278059487328e-01,2.860377544475729561e-01,5.335245642451127424e+00,5.209213059999278528e+00
9.349999999999999645e+00,1.196614778192087077e-10,2.119278609004909553e-01,3.156829360193523781e-01,5.342685508494575686e+00,5.199007618389529739e+00
9.400000000000000355e+00,1.150817936597336522e-10,2.313072911265771914e-01,3.477407251356777751e-01,5.354643993999324891e+00,5.193009537127082353e+00
9.449999999999999289e+00,1.101516343364705407e-10,2.519420923470368501e-01,3.822518403985196156e-01,5.371594450806831844e+00,5.191652410748247348e+00
9.500000000000000000e+00,1.048709023314343782e-10,2.737885408019545275e-01,4.192169644337727097e-01,5.393975784435149023e+00,5.195252824879418085e+00
9.550000000000000711e+00,9.924661103228348434e-11,2.967779838675418946e-01,4.585870035278291068e-01,5.422072013493988152e+00,5.204021293393743974e+00
9.599999999999999645e+00,9.329434678206308962e-11,3.208122330800156630e-01,5.002528532793717453e-01,5.456429849787660658e+00,5.218626622870857545e+00
9.650000000000000355e+00,8.703972522223917768e-11,3.457398810889915075e-01,5.440352041981391107e-01,5.497280637928227520e+00,5.239325165883307989e+00
9.699999999999999289e+00,8.051973271038166053e-11,3.713702352908037629e-01,5.896751517811417154e-01,5.545044016666828668e+00,5.266222988320876652e+00
9.750000000000000000e+00,7.378380722790952948e-11,3.974672455388789105e-01,6.368266301584466493e-01,5.600838804485178457e+00,5.300204940565606648e+00
9.800000000000000711e+00,6.689447706043365461e-11,4.237429412510818061e-01,6.850519413307779582e-01,5.666332647946823897e+00,5.343758990326357150e+00
9.849999999999999645e+00,5.992734567090718811e-11,4.498847734486389194e-01,7.338218610574631651e-01,5.742356921477693277e+00,5.397600732039833815e+00
9.900000000000000355e+00,5.297019635784614832e-11,4.755377091298605419e-01,7.825219062488903976e-01,5.828933854638009393e+00,5.460667317782721852e+00
9.949999999999999289e+00,4.612100184065209625e-11,5.002973513340941425e-01,8.304662678692488198e-01,5.926911978112570978e+00,5.533429801265043579e+00
1.000000000000000000e+01,3.948467472495945393e-11,5.237434879749784944e-01,8.769205576790973788e-01,6.037078045548916805e+00,5.616296793370345597e+00
1.005000000000000071e+01,3.316849691702878772e-11,5.454620978993994784e-01,9.211338023346118398e-01,6.160229243984019831e+00,5.709821883183920477e+00
1.009999999999999964e+01,2.727632662925943735e-11,5.650711870432036932e-01,9.623789943489974297e-01,6.297058229023974718e+00,5.814356432661483609e+00
1.015000000000000036e+01,2.190189725054477097e-11,5.822480206335123309e-01,1.000000000000000000e+00,6.447971055876621449e+00,5.929943331729880640e+00
